version https://git-lfs.github.com/spec/v1
oid sha256:bf01cb0ed8e5c66d6b572f293a70e68d067becdba0ecdfd5241ee5d9648eebf8
size 74492
